a <- matrix(c(0, 0, 1.989, 2.45, 0.836, 1.669, 0.193, 0.229, 2.304, 0.162, 1.095, 0.938, 2.88, 3.213, 0.152, 0.184, 0.003, 1.488, 4.01, 0.098, 2.239, 0.152, 0, 0, 0, 0, 0, 0, 0.06, 0.091, 0, 0.053, 0, 0, 0, 0, 0.483, 0.08, 0.103, 0, 0, 0.244, 0, 0.629, 0, 0, 0, 2.272, 0.261, 4.431, 0.157, 0.236, 0, 0.139, 0.001, 0.956, 4.819, 2.543, 0.215, 0.234, 0.113, 0, 2.894, 0.283, 1.635, 0.246, 0, 0, 0, 0, 0.663, 0.461, 0.162, 0.38, 1.395, 0.142, 0.427, 0.237, 5.957, 6.993, 0.094, 0.434, 0, 1.895, 0.163, 0.154, 4.075, 0.147, 0, 0, 0, 0, 0, 0.32, 0, 0, 1.102, 0, 0, 0.151, 0.471, 0.34, 0, 0, 0, 0.055, 0.443, 0, 0, 0, 0, 0, 0, 0, 0, 0, 0.074, 0.074, 0.714, 0.057, 1.221, 1.391, 3.992, 0.955, 0.129, 0.095, 0.018, 0.987, 3.225, 0.092, 0, 0.139, 0, 0, 0, 0, 0, 0, 0, 3.609, 0, 8.58, 0.057, 0.017, 0.115, 0, 0, 0.952, 0, 0.245, 0.161, 0, 0.052, 0, 0, 0, 0, 0, 0, 0, 0, 0, 0, 3.142, 0.106, 0.033, 0.203, 0, 0, 5.508, 0, 0.394, 0.263, 0, 0.082, 0, 0, 0, 0, 0, 0, 0, 0, 0, 0, 0, 0, 0, 0.006, 1.362, 0, 0, 0, 0.539, 1.658, 0, 0.001, 0, 0, 0, 0, 0, 0, 0, 0, 0, 0, 0, 0.033, 0.002, 0.09, 0, 0, 0.97, 0, 0.23, 0.129, 0, 0.034, 0, 0, 0, 0, 0, 0, 0, 0, 0, 0, 0, 0, 1.626, 0.661, 0.801, 0.087, 0.115, 0, 0.599, 6.485, 0.324, 0.163, 0.116, 0, 0, 0, 0, 0, 0, 0, 0, 0, 0, 0, 0, 1.21, 0.481, 0.082, 0.03, 0, 0.001, 2.378, 0.138, 0.001, 0.158, 0, 0, 0, 0, 0, 0, 0, 0, 0, 0, 0, 0, 0, 4.673, 0.408, 0.202, 0.007, 0.662, 3.461, 0.322, 4.317, 0.527, 0, 0, 0, 0, 0, 0, 0, 0, 0, 0, 0, 0, 0, 0, 0, 3, 0, 0.542, 5.815, 0, 4.521, 0, 0, 0, 0, 0, 0, 0, 0, 0, 0, 0, 0, 0, 0, 0, 0, 0, 0, 0.292, 0.27, 5.155, 0.035, 7.237, 0, 0, 0, 0, 0, 0, 0, 0, 0, 0, 0, 0, 0, 0, 0, 0, 0, 0.392, 0.251, 0, 0.074, 0, 0, 0, 0, 0, 0, 0, 0, 0, 0, 0, 0, 0, 0, 0, 0, 0, 0, 0, 0.005, 0, 0, 0, 0, 0, 0, 0, 0, 0, 0, 0, 0, 0, 0, 0, 0, 0, 0, 0, 0, 0, 1.953, 0.191, 1.033, 0.494, 0, 0, 0, 0, 0, 0, 0, 0, 0, 0, 0, 0, 0, 0, 0, 0, 0, 0, 0, 0.318, 1.848, 0.269, 0, 0, 0, 0, 0, 0, 0, 0, 0, 0, 0, 0, 0, 0, 0, 0, 0, 0, 0, 0, 0.076, 6.664, 0, 0, 0, 0, 0, 0, 0, 0, 0, 0, 0, 0, 0, 0, 0, 0, 0, 0, 0, 0, 0, 0.055, 0, 0, 0, 0, 0, 0, 0, 0, 0, 0, 0, 0, 0, 0, 0, 0, 0, 0, 0, 0, 0, 0),byrow = TRUE, nrow = 22)
vn <- c("rabbit.", "Sarah", "DiamondFox", "H Doc", "NCRP DEMON", "LAWN PURGE", "Polski Boy", "Smith Wellingsworth", "Lunar No Audio", "ðŸ¦Michael BeanezðŸ¦", "Skippy", "Aws0me", "zilagami", "g.l.hailey", "WeebIsASadCat", "|NC|RP| Mr.Clutch", "Uncolored_INK", "tbome55", "|NC|RP| Perry", "Tabbygryphon", "bobmaster1000", "[W-G]|-NCBA-|PapaSmurf")

g <- graph.adjacency(a, mode="undirected", weighted=TRUE)
V(g)$name <- vn
plot(g)

gu <- graph.adjacency(a, mode="undirected", weighted=NULL)
V(gu)$name <- vn
plot(g)

diameter(g)

gd <- data.frame(x=vn, y=betweenness(g), z=degree(g))
print.data.frame(gd)

gud <- data.frame(x=vn, y=betweenness(gu), z=degree(gu))
print.data.frame(gud)



#hehehes